# Made in Blockbench 4.10.4
mtllib rocket_tier_2.mtl

o Rocket
v -0.867203 5.784976 0.867203
v -0.867203 5.784976 -0.867203
v -0.867203 5.684977 -0.867203
v -0.867203 5.684977 0.867203
v 0.867203 5.784976 -0.867203
v 0.867203 5.684977 -0.867203
v 0.867203 5.784976 0.867203
v 0.867203 5.684977 0.867203
v -0.7 0.075 0.7
v -0.7 0.075 -0.7
v -0.7 -0.025 -0.7
v -0.7 -0.025 0.7
v 0.7 0.075 -0.7
v 0.7 -0.025 -0.7
v 0.7 0.075 0.7
v 0.7 -0.025 0.7
v -0.6 0.175 0.6
v -0.6 0.175 -0.6
v -0.6 0.075 -0.6
v -0.6 0.075 0.6
v 0.6 0.175 -0.6
v 0.6 0.075 -0.6
v 0.6 0.175 0.6
v 0.6 0.075 0.6
v -0.1 8.984502 0.1
v -0.1 8.984502 -0.1
v -0.1 7.184501 -0.1
v -0.1 7.184501 0.1
v 0.1 8.984502 -0.1
v 0.1 7.184501 -0.1
v 0.1 8.984502 0.1
v 0.1 7.184501 0.1
v -0.5 0.375 0.5
v -0.5 0.375 -0.5
v -0.5 0.175 -0.5
v -0.5 0.175 0.5
v 0.5 0.375 -0.5
v 0.5 0.175 -0.5
v 0.5 0.375 0.5
v 0.5 0.175 0.5
v -0.9 0.475 0.9
v -0.9 0.475 -0.9
v -0.9 0.375 -0.9
v -0.9 0.375 0.9
v 0.9 0.475 -0.9
v 0.9 0.375 -0.9
v 0.9 0.475 0.9
v 0.9 0.375 0.9
v -0.802256 5.775334 0.897637
v -0.802256 5.775334 0.797637
v -0.802256 0.375325 0.797637
v -0.802256 0.375325 0.897637
v 0.897744 5.775334 0.797637
v 0.897744 0.375325 0.797637
v 0.897744 5.775334 0.897637
v 0.897744 0.375325 0.897637
v 0.79831 5.799326 0.8
v 0.79831 5.799326 -0.8
v 0.79831 0.39933 -0.8
v 0.79831 0.39933 0.8
v 0.89831 5.799326 -0.8
v 0.89831 0.39933 -0.8
v 0.89831 5.799326 0.8
v 0.89831 0.39933 0.8
v -0.898721 5.807732 0.895898
v -0.898721 5.807732 -0.804103
v -0.898721 0.407736 -0.804103
v -0.898721 0.407736 0.895898
v -0.798721 5.807732 -0.804103
v -0.798721 0.407736 -0.804103
v -0.798721 5.807732 0.895898
v -0.798721 0.407736 0.895898
v -0.898111 5.804089 -0.79641
v -0.898111 5.804089 -0.89641
v -0.898111 0.404094 -0.89641
v -0.898111 0.404094 -0.79641
v -0.398111 5.804089 -0.89641
v -0.398111 0.404094 -0.89641
v -0.398111 5.804089 -0.79641
v -0.398111 0.404094 -0.79641
v -0.4 5.79906 -0.79641
v -0.4 5.79906 -0.89641
v -0.4 4.13827 -0.89641
v -0.4 4.13827 -0.79641
v 0.4 5.79906 -0.89641
v 0.4 4.13827 -0.89641
v 0.4 5.79906 -0.79641
v 0.4 4.13827 -0.79641
v -0.4 3.40318 -0.79641
v -0.4 3.40318 -0.89641
v -0.4 0.403183 -0.89641
v -0.4 0.403183 -0.79641
v 0.4 3.40318 -0.89641
v 0.4 0.403183 -0.89641
v 0.4 3.40318 -0.79641
v 0.4 0.403183 -0.79641
v -0.2 7.187399 0.2
v -0.2 7.187399 -0.2
v -0.2 6.987399 -0.2
v -0.2 6.987399 0.2
v 0.2 7.187399 -0.2
v 0.2 6.987399 -0.2
v 0.2 7.187399 0.2
v 0.2 6.987399 0.2
v -0.8 6.002254 0.8
v -0.8 6.002255 -0.8
v -0.8 5.802254 -0.8
v -0.8 5.802254 0.8
v 0.8 6.002255 -0.8
v 0.8 5.802254 -0.8
v 0.8 6.002254 0.8
v 0.8 5.802254 0.8
v -0.7 6.200872 0.7
v -0.7 6.200872 -0.7
v -0.7 6.000873 -0.7
v -0.7 6.000873 0.7
v 0.7 6.200872 -0.7
v 0.7 6.000873 -0.7
v 0.7 6.200872 0.7
v 0.7 6.000873 0.7
v -0.6 6.401362 0.6
v -0.6 6.401362 -0.6
v -0.6 6.201362 -0.6
v -0.6 6.201362 0.6
v 0.6 6.401362 -0.6
v 0.6 6.201362 -0.6
v 0.6 6.401362 0.6
v 0.6 6.201362 0.6
v -0.5 6.601852 0.5
v -0.5 6.601852 -0.5
v -0.5 6.401852 -0.5
v -0.5 6.401852 0.5
v 0.5 6.601852 -0.5
v 0.5 6.401852 -0.5
v 0.5 6.601852 0.5
v 0.5 6.401852 0.5
v -0.4 6.797855 0.4
v -0.4 6.797856 -0.4
v -0.4 6.597856 -0.4
v -0.4 6.597856 0.4
v 0.4 6.797856 -0.4
v 0.4 6.597856 -0.4
v 0.4 6.797855 0.4
v 0.4 6.597856 0.4
v -0.3 6.993045 0.3
v -0.3 6.993045 -0.3
v -0.3 6.793045 -0.3
v -0.3 6.793045 0.3
v 0.3 6.993045 -0.3
v 0.3 6.793045 -0.3
v 0.3 6.993045 0.3
v 0.3 6.793045 0.3
v -1.421026 1.507384 -1.279605
v -1.491737 1.507384 -1.350315
v -1.491737 0.007384 -1.350315
v -1.421026 0.007384 -1.279605
v -1.350316 1.507384 -1.491737
v -1.350316 0.007384 -1.491737
v -1.279605 1.507384 -1.421026
v -1.279605 0.007384 -1.421026
v -0.855036 1.679847 -0.713615
v -0.996457 1.679847 -0.855036
v -0.996457 0.879847 -0.855036
v -0.855036 0.879847 -0.713615
v -0.855036 1.679847 -0.996458
v -0.855036 0.879847 -0.996458
v -0.713615 1.679847 -0.855036
v -0.713615 0.879847 -0.855036
v -0.996458 1.579847 -0.855036
v -1.137879 1.579847 -0.996457
v -1.137879 0.779847 -0.996457
v -0.996458 0.779847 -0.855036
v -0.996458 1.579847 -1.137879
v -0.996458 0.779847 -1.137879
v -0.855036 1.579847 -0.996457
v -0.855036 0.779847 -0.996457
v -1.137879 1.379847 -0.996457
v -1.2793 1.379847 -1.137879
v -1.2793 0.579847 -1.137879
v -1.137879 0.579847 -0.996457
v -1.137879 1.379847 -1.2793
v -1.137879 0.579847 -1.2793
v -0.996458 1.379847 -1.137879
v -0.996458 0.579847 -1.137879
v -1.2793 0.979847 -1.137879
v -1.420722 0.979847 -1.2793
v -1.420722 0.179847 -1.2793
v -1.2793 0.179847 -1.137879
v -1.2793 0.979847 -1.420722
v -1.2793 0.179847 -1.420722
v -1.137879 0.979847 -1.2793
v -1.137879 0.179847 -1.2793
v -1.279605 1.507384 1.408365
v -1.350315 1.507384 1.479076
v -1.350315 0.007383 1.479076
v -1.279605 0.007383 1.408365
v -1.491737 1.507384 1.337655
v -1.491737 0.007383 1.337655
v -1.421026 1.507384 1.266944
v -1.421026 0.007383 1.266944
v -0.855036 1.579847 0.983797
v -0.996458 1.579847 1.125218
v -0.996458 0.779847 1.125218
v -0.855036 0.779847 0.983797
v -1.137879 1.579847 0.983797
v -1.137879 0.779847 0.983797
v -0.996458 1.579847 0.842375
v -0.996458 0.779847 0.842375
v -0.996458 1.379847 1.125218
v -1.137879 1.379847 1.26664
v -1.137879 0.579847 1.26664
v -0.996458 0.579847 1.125218
v -1.2793 1.379847 1.125218
v -1.2793 0.579847 1.125218
v -1.137879 1.379847 0.983797
v -1.137879 0.579847 0.983797
v -1.137879 0.979847 1.26664
v -1.2793 0.979847 1.408061
v -1.2793 0.179847 1.408061
v -1.137879 0.179847 1.26664
v -1.420722 0.979847 1.26664
v -1.420722 0.179847 1.26664
v -1.2793 0.979847 1.125218
v -1.2793 0.179847 1.125218
v -0.713615 1.679847 0.842375
v -0.855036 1.679847 0.983797
v -0.855036 0.879847 0.983797
v -0.713615 0.879847 0.842375
v -0.996458 1.679847 0.842375
v -0.996458 0.879847 0.842375
v -0.855036 1.679847 0.700954
v -0.855036 0.879847 0.700954
v 1.408365 1.507383 1.266944
v 1.479076 1.507383 1.337655
v 1.479076 0.007383 1.337655
v 1.408365 0.007383 1.266944
v 1.337654 1.507383 1.479076
v 1.337654 0.007383 1.479076
v 1.266944 1.507383 1.408366
v 1.266944 0.007383 1.408366
v 0.983797 1.579847 0.842375
v 1.125218 1.579847 0.983797
v 1.125218 0.779846 0.983797
v 0.983797 0.779847 0.842375
v 0.983797 1.579847 1.125218
v 0.983797 0.779846 1.125218
v 0.842375 1.579847 0.983797
v 0.842375 0.779847 0.983797
v 1.125218 1.379847 0.983797
v 1.266639 1.379847 1.125218
v 1.266639 0.579846 1.125218
v 1.125218 0.579846 0.983797
v 1.125218 1.379847 1.26664
v 1.125218 0.579846 1.26664
v 0.983797 1.379847 1.125218
v 0.983797 0.579846 1.125218
v 1.266639 0.979846 1.125218
v 1.408061 0.979846 1.26664
v 1.408061 0.179846 1.26664
v 1.266639 0.179846 1.125218
v 1.266639 0.979846 1.408061
v 1.266639 0.179846 1.408061
v 1.125218 0.979846 1.26664
v 1.125218 0.179846 1.26664
v 0.842375 1.679847 0.700954
v 0.983797 1.679847 0.842375
v 0.983797 0.879847 0.842375
v 0.842375 0.879847 0.700954
v 0.842375 1.679847 0.983797
v 0.842375 0.879847 0.983797
v 0.700954 1.679847 0.842375
v 0.700954 0.879847 0.842375
v 1.266944 1.507384 -1.421026
v 1.337654 1.507384 -1.491737
v 1.337654 0.007383 -1.491737
v 1.266944 0.007383 -1.421026
v 1.479076 1.507384 -1.350316
v 1.479076 0.007383 -1.350316
v 1.408365 1.507384 -1.279605
v 1.408365 0.007383 -1.279605
v 0.842375 1.579847 -0.996458
v 0.983796 1.579847 -1.137879
v 0.983796 0.779847 -1.137879
v 0.842375 0.779847 -0.996458
v 1.125218 1.579847 -0.996458
v 1.125218 0.779847 -0.996458
v 0.983796 1.579847 -0.855036
v 0.983796 0.779847 -0.855036
v 0.983796 1.379847 -1.137879
v 1.125218 1.379847 -1.2793
v 1.125218 0.579847 -1.2793
v 0.983796 0.579847 -1.137879
v 1.266639 1.379847 -1.137879
v 1.266639 0.579847 -1.137879
v 1.125218 1.379847 -0.996458
v 1.125218 0.579847 -0.996458
v 1.125218 0.979847 -1.2793
v 1.266639 0.979847 -1.420722
v 1.266639 0.179847 -1.420722
v 1.125218 0.179847 -1.2793
v 1.408061 0.979847 -1.2793
v 1.408061 0.179847 -1.2793
v 1.266639 0.979847 -1.137879
v 1.266639 0.179847 -1.137879
v 0.700954 1.679847 -0.855036
v 0.842375 1.679847 -0.996458
v 0.842375 0.879847 -0.996458
v 0.700954 0.879847 -0.855036
v 0.983796 1.679847 -0.855036
v 0.983796 0.879847 -0.855036
v 0.842375 1.679847 -0.713615
v 0.842375 0.879847 -0.713615
v 0.395899 5.804089 -0.79641
v 0.395899 5.804089 -0.89641
v 0.395899 0.404094 -0.89641
v 0.395899 0.404094 -0.79641
v 0.895899 5.804089 -0.89641
v 0.895899 0.404094 -0.89641
v 0.895899 5.804089 -0.79641
v 0.895899 0.404094 -0.79641
v -0.15 1.036412 -0.89803
v -0.15 1.036412 -0.99803
v -0.15 0.536412 -0.99803
v -0.15 0.536412 -0.89803
v 0.15 1.036412 -0.99803
v 0.15 0.536412 -0.99803
v 0.15 1.036412 -0.89803
v 0.15 0.536412 -0.89803
v -0.25 1.277908 -0.983898
v -0.25 1.277908 -1.483898
v -0.25 0.477908 -1.483898
v -0.25 0.477908 -0.983898
v 0.25 1.277908 -1.483898
v 0.25 0.477908 -1.483898
v 0.25 1.277908 -0.983898
v 0.25 0.477908 -0.983898
v -0.2 1.471981 -1.030706
v -0.2 1.471981 -1.430707
v -0.2 1.271981 -1.430707
v -0.2 1.271981 -1.030706
v 0.2 1.471981 -1.430707
v 0.2 1.271981 -1.430707
v 0.2 1.471981 -1.030706
v 0.2 1.271981 -1.030706
v -0.89803 1.036412 0.15
v -0.99803 1.036412 0.15
v -0.99803 0.536412 0.15
v -0.89803 0.536412 0.15
v -0.99803 1.036412 -0.15
v -0.99803 0.536412 -0.15
v -0.89803 1.036412 -0.15
v -0.89803 0.536412 -0.15
v -0.983898 1.277908 0.25
v -1.483898 1.277908 0.25
v -1.483898 0.477908 0.25
v -0.983898 0.477908 0.25
v -1.483898 1.277908 -0.25
v -1.483898 0.477908 -0.25
v -0.983898 1.277908 -0.25
v -0.983898 0.477908 -0.25
v -1.030706 1.471981 0.2
v -1.430707 1.471981 0.2
v -1.430707 1.271981 0.2
v -1.030706 1.271981 0.2
v -1.430707 1.471981 -0.2
v -1.430707 1.271981 -0.2
v -1.030706 1.471981 -0.2
v -1.030706 1.271981 -0.2
v 0.15 1.036412 0.89803
v 0.15 1.036412 0.99803
v 0.15 0.536412 0.99803
v 0.15 0.536412 0.89803
v -0.15 1.036412 0.99803
v -0.15 0.536412 0.99803
v -0.15 1.036412 0.89803
v -0.15 0.536412 0.89803
v 0.25 1.277908 0.983898
v 0.25 1.277908 1.483898
v 0.25 0.477908 1.483898
v 0.25 0.477908 0.983898
v -0.25 1.277908 1.483898
v -0.25 0.477908 1.483898
v -0.25 1.277908 0.983898
v -0.25 0.477908 0.983898
v 0.2 1.471981 1.030706
v 0.2 1.471981 1.430707
v 0.2 1.271981 1.430707
v 0.2 1.271981 1.030706
v -0.2 1.471981 1.430707
v -0.2 1.271981 1.430707
v -0.2 1.471981 1.030706
v -0.2 1.271981 1.030706
v 0.89803 1.036412 -0.15
v 0.99803 1.036412 -0.15
v 0.99803 0.536412 -0.15
v 0.89803 0.536412 -0.15
v 0.99803 1.036412 0.15
v 0.99803 0.536412 0.15
v 0.89803 1.036412 0.15
v 0.89803 0.536412 0.15
v 0.983898 1.277908 -0.25
v 1.483898 1.277908 -0.25
v 1.483898 0.477908 -0.25
v 0.983898 0.477908 -0.25
v 1.483898 1.277908 0.25
v 1.483898 0.477908 0.25
v 0.983898 1.277908 0.25
v 0.983898 0.477908 0.25
v 1.030706 1.471981 -0.2
v 1.430707 1.471981 -0.2
v 1.430707 1.271981 -0.2
v 1.030706 1.271981 -0.2
v 1.430707 1.471981 0.2
v 1.430707 1.271981 0.2
v 1.030706 1.471981 0.2
v 1.030706 1.271981 0.2
vt 0 0
vt 1 0
vt 1 1
vt 0 1
vt 0 0
vt 1 0
vt 1 1
vt 0 1
vt 0 0
vt 1 0
vt 1 1
vt 0 1
vt 0 0
vt 1 0
vt 1 1
vt 0 1
vt 0.238606 0.937792
vt 0.245889 0.937792
vt 0.245889 0.995739
vt 0.238606 0.995739
vt 0 0
vt 1 0
vt 1 1
vt 0 1
vt 0.055831 0.944961
vt 0.110552 0.944961
vt 0.110552 0.999682
vt 0.055831 0.999682
vt 0.055831 0.944961
vt 0.110552 0.944961
vt 0.110552 0.999682
vt 0.055831 0.999682
vt 0.055831 0.944961
vt 0.110552 0.944961
vt 0.110552 0.999682
vt 0.055831 0.999682
vt 0.055831 0.944961
vt 0.110552 0.944961
vt 0.110552 0.999682
vt 0.055831 0.999682
vt 0.110275 0.946323
vt 0.16331 0.946323
vt 0.16331 0.999358
vt 0.110275 0.999358
vt 0.056735 0.94469
vt 0.110441 0.94469
vt 0.110441 0.998396
vt 0.056735 0.998396
vt 0.055831 0.944961
vt 0.110552 0.944961
vt 0.110552 0.999682
vt 0.055831 0.999682
vt 0.055831 0.944961
vt 0.110552 0.944961
vt 0.110552 0.999682
vt 0.055831 0.999682
vt 0.055831 0.944961
vt 0.110552 0.944961
vt 0.110552 0.999682
vt 0.055831 0.999682
vt 0.055831 0.944961
vt 0.110552 0.944961
vt 0.110552 0.999682
vt 0.055831 0.999682
vt 0 0
vt 1 0
vt 1 1
vt 0 1
vt 0.056735 0.94469
vt 0.110441 0.94469
vt 0.110441 0.998396
vt 0.056735 0.998396
vt 0.97742 0.42948600000000003
vt 0.9842 0.42948600000000003
vt 0.9842 0.36049200000000003
vt 0.97742 0.36049200000000003
vt 0.97742 0.42948600000000003
vt 0.9842 0.42948600000000003
vt 0.9842 0.36049200000000003
vt 0.97742 0.36049200000000003
vt 0.97742 0.42948600000000003
vt 0.9842 0.42948600000000003
vt 0.9842 0.36049200000000003
vt 0.97742 0.36049200000000003
vt 0.97742 0.42948600000000003
vt 0.9842 0.42948600000000003
vt 0.9842 0.36049200000000003
vt 0.97742 0.36049200000000003
vt 0 0
vt 1 0
vt 1 1
vt 0 1
vt 0.976892 0.4306
vt 0.9835 0.4306
vt 0.9835 0.43720800000000004
vt 0.976892 0.43720800000000004
vt 0.055831 0.944961
vt 0.110552 0.944961
vt 0.110552 0.999682
vt 0.055831 0.999682
vt 0.055831 0.944961
vt 0.110552 0.944961
vt 0.110552 0.999682
vt 0.055831 0.999682
vt 0.055831 0.944961
vt 0.110552 0.944961
vt 0.110552 0.999682
vt 0.055831 0.999682
vt 0.055831 0.944961
vt 0.110552 0.944961
vt 0.110552 0.999682
vt 0.055831 0.999682
vt 0 0
vt 1 0
vt 1 1
vt 0 1
vt 0 0
vt 1 0
vt 1 1
vt 0 1
vt 0.535233 0.707529
vt 0.605835 0.707529
vt 0.605835 0.714124
vt 0.535233 0.714124
vt 0.535233 0.654047
vt 0.605835 0.654047
vt 0.605835 0.660643
vt 0.535233 0.660643
vt 0.535233 0.707529
vt 0.605835 0.707529
vt 0.605835 0.714124
vt 0.535233 0.714124
vt 0.535233 0.707529
vt 0.605835 0.707529
vt 0.605835 0.714124
vt 0.535233 0.714124
vt 0.055473 0.946228
vt 0.108793 0.946228
vt 0.108793 0.999548
vt 0.055473 0.999548
vt 0.540032 0.784586
vt 0.595117 0.784586
vt 0.595117 0.932285
vt 0.540032 0.932285
vt 0 0
vt 1 0
vt 1 1
vt 0 1
vt 0.535578 0.78324
vt 0.597104 0.78324
vt 0.597104 0.936269
vt 0.535578 0.936269
vt 0.603734 0.48656999999999995
vt 0.608592 0.48656999999999995
vt 0.608592 0.636697
vt 0.603734 0.636697
vt 0.601026 0.657552
vt 0.53522 0.657552
vt 0.53522 0.450187
vt 0.601026 0.450187
vt 0 0
vt 1 0
vt 1 1
vt 0 1
vt 0.534092 0.653
vt 0.606045 0.653
vt 0.606045 0.660021
vt 0.534092 0.660021
vt 0.535578 0.78324
vt 0.597104 0.78324
vt 0.597104 0.936269
vt 0.535578 0.936269
vt 0 0
vt 1 0
vt 1 1
vt 0 1
vt 0.605626 0.44468299999999994
vt 0.539294 0.44468299999999994
vt 0.539294 0.23548800000000003
vt 0.605626 0.23548800000000003
vt 0 0
vt 1 0
vt 1 1
vt 0 1
vt 0 0
vt 1 0
vt 1 1
vt 0 1
vt 0.534092 0.653
vt 0.606045 0.653
vt 0.606045 0.660021
vt 0.534092 0.660021
vt 0.601779 0.659296
vt 0.535242 0.659296
vt 0.535242 0.44840199999999997
vt 0.601779 0.44840199999999997
vt 0 0
vt 1 0
vt 1 1
vt 0 1
vt 0.535578 0.78324
vt 0.597104 0.78324
vt 0.597104 0.936269
vt 0.535578 0.936269
vt 0.603734 0.503321
vt 0.608592 0.503321
vt 0.608592 0.653449
vt 0.603734 0.653449
vt 0 0
vt 1 0
vt 1 1
vt 0 1
vt 0.534092 0.652584
vt 0.606045 0.652584
vt 0.606045 0.659605
vt 0.534092 0.659605
vt 0.426017 0.835789
vt 0.429636 0.835789
vt 0.429636 0.995989
vt 0.426017 0.995989
vt 0.425623 0.996263
vt 0.406315 0.996263
vt 0.406315 0.7863
vt 0.425623 0.7863
vt 0.535578 0.78324
vt 0.597104 0.78324
vt 0.597104 0.936269
vt 0.535578 0.936269
vt 0.535578 0.78324
vt 0.597104 0.78324
vt 0.597104 0.936269
vt 0.535578 0.936269
vt 0.402443 0.835789
vt 0.429789 0.835789
vt 0.429789 0.995989
vt 0.402443 0.995989
vt 0.406275 0.996133
vt 0.429639 0.996133
vt 0.429639 0.999967
vt 0.406275 0.999967
vt 0 0
vt 1 0
vt 1 1
vt 0 1
vt 0.371084 0.996143
vt 0.332199 0.996143
vt 0.332199 0.930074
vt 0.371084 0.930074
vt 0 0
vt 1 0
vt 1 1
vt 0 1
vt 0.535578 0.78324
vt 0.597104 0.78324
vt 0.597104 0.936269
vt 0.535578 0.936269
vt 0.535578 0.78324
vt 0.597104 0.78324
vt 0.597104 0.936269
vt 0.535578 0.936269
vt 0.534491 0.653518
vt 0.606369 0.653518
vt 0.606369 0.660388
vt 0.534491 0.660388
vt 0 0
vt 1 0
vt 1 1
vt 0 1
vt 0.37085 0.925602
vt 0.332293 0.925602
vt 0.332293 0.809118
vt 0.37085 0.809118
vt 0 0
vt 1 0
vt 1 1
vt 0 1
vt 0.535578 0.78324
vt 0.597104 0.78324
vt 0.597104 0.936269
vt 0.535578 0.936269
vt 0 0
vt 1 0
vt 1 1
vt 0 1
vt 0.535578 0.78324
vt 0.597104 0.78324
vt 0.597104 0.936269
vt 0.535578 0.936269
vt 0.874947 0.69562
vt 0.937689 0.69562
vt 0.937689 0.702715
vt 0.874947 0.702715
vt 0.874947 0.69562
vt 0.937689 0.69562
vt 0.937689 0.702715
vt 0.874947 0.702715
vt 0.874947 0.69562
vt 0.937689 0.69562
vt 0.937689 0.702715
vt 0.874947 0.702715
vt 0.874947 0.69562
vt 0.937689 0.69562
vt 0.937689 0.702715
vt 0.874947 0.702715
vt 0 0
vt 1 0
vt 1 1
vt 0 1
vt 0.8128 0.704156
vt 0.874008 0.704156
vt 0.874008 0.765363
vt 0.8128 0.765363
vt 0.874947 0.69562
vt 0.937689 0.69562
vt 0.937689 0.702715
vt 0.874947 0.702715
vt 0.874947 0.69562
vt 0.937689 0.69562
vt 0.937689 0.702715
vt 0.874947 0.702715
vt 0.874947 0.69562
vt 0.937689 0.69562
vt 0.937689 0.702715
vt 0.874947 0.702715
vt 0.874947 0.69562
vt 0.937689 0.69562
vt 0.937689 0.702715
vt 0.874947 0.702715
vt 0 0
vt 1 0
vt 1 1
vt 0 1
vt 0.8128 0.704156
vt 0.874008 0.704156
vt 0.874008 0.765363
vt 0.8128 0.765363
vt 0.874947 0.69562
vt 0.937689 0.69562
vt 0.937689 0.702715
vt 0.874947 0.702715
vt 0.874947 0.69562
vt 0.937689 0.69562
vt 0.937689 0.702715
vt 0.874947 0.702715
vt 0.874947 0.69562
vt 0.937689 0.69562
vt 0.937689 0.702715
vt 0.874947 0.702715
vt 0.874947 0.69562
vt 0.937689 0.69562
vt 0.937689 0.702715
vt 0.874947 0.702715
vt 0 0
vt 1 0
vt 1 1
vt 0 1
vt 0.8128 0.704156
vt 0.874008 0.704156
vt 0.874008 0.765363
vt 0.8128 0.765363
vt 0.874947 0.69562
vt 0.937689 0.69562
vt 0.937689 0.702715
vt 0.874947 0.702715
vt 0.874947 0.69562
vt 0.937689 0.69562
vt 0.937689 0.702715
vt 0.874947 0.702715
vt 0.874947 0.69562
vt 0.937689 0.69562
vt 0.937689 0.702715
vt 0.874947 0.702715
vt 0.874947 0.69562
vt 0.937689 0.69562
vt 0.937689 0.702715
vt 0.874947 0.702715
vt 0 0
vt 1 0
vt 1 1
vt 0 1
vt 0.8128 0.704156
vt 0.874008 0.704156
vt 0.874008 0.765363
vt 0.8128 0.765363
vt 0.874947 0.69562
vt 0.937689 0.69562
vt 0.937689 0.702715
vt 0.874947 0.702715
vt 0.874947 0.69562
vt 0.937689 0.69562
vt 0.937689 0.702715
vt 0.874947 0.702715
vt 0.874947 0.69562
vt 0.937689 0.69562
vt 0.937689 0.702715
vt 0.874947 0.702715
vt 0.874947 0.69562
vt 0.937689 0.69562
vt 0.937689 0.702715
vt 0.874947 0.702715
vt 0 0
vt 1 0
vt 1 1
vt 0 1
vt 0.8128 0.704156
vt 0.874008 0.704156
vt 0.874008 0.765363
vt 0.8128 0.765363
vt 0.874947 0.69562
vt 0.937689 0.69562
vt 0.937689 0.702715
vt 0.874947 0.702715
vt 0.874947 0.69562
vt 0.937689 0.69562
vt 0.937689 0.702715
vt 0.874947 0.702715
vt 0.874947 0.69562
vt 0.937689 0.69562
vt 0.937689 0.702715
vt 0.874947 0.702715
vt 0.874947 0.69562
vt 0.937689 0.69562
vt 0.937689 0.702715
vt 0.874947 0.702715
vt 0 0
vt 1 0
vt 1 1
vt 0 1
vt 0.8128 0.704156
vt 0.874008 0.704156
vt 0.874008 0.765363
vt 0.8128 0.765363
vt 0.874947 0.69562
vt 0.937689 0.69562
vt 0.937689 0.702715
vt 0.874947 0.702715
vt 0.874947 0.69562
vt 0.937689 0.69562
vt 0.937689 0.702715
vt 0.874947 0.702715
vt 0.874947 0.69562
vt 0.937689 0.69562
vt 0.937689 0.702715
vt 0.874947 0.702715
vt 0.874947 0.69562
vt 0.937689 0.69562
vt 0.937689 0.702715
vt 0.874947 0.702715
vt 0 0
vt 1 0
vt 1 1
vt 0 1
vt 0.8128 0.704156
vt 0.874008 0.704156
vt 0.874008 0.765363
vt 0.8128 0.765363
vt 0.238606 0.937792
vt 0.245889 0.937792
vt 0.245889 0.995739
vt 0.238606 0.995739
vt 0.238606 0.937792
vt 0.245889 0.937792
vt 0.245889 0.995739
vt 0.238606 0.995739
vt 0.238606 0.937792
vt 0.245889 0.937792
vt 0.245889 0.995739
vt 0.238606 0.995739
vt 0.238606 0.937792
vt 0.245889 0.937792
vt 0.245889 0.995739
vt 0.238606 0.995739
vt 0.238606 0.937792
vt 0.245889 0.937792
vt 0.245889 0.995739
vt 0.238606 0.995739
vt 0.238606 0.937792
vt 0.245889 0.937792
vt 0.245889 0.995739
vt 0.238606 0.995739
vt 0.238606 0.937792
vt 0.245889 0.937792
vt 0.245889 0.995739
vt 0.238606 0.995739
vt 0.238606 0.937792
vt 0.245889 0.937792
vt 0.245889 0.995739
vt 0.238606 0.995739
vt 0.238606 0.937792
vt 0.245889 0.937792
vt 0.245889 0.995739
vt 0.238606 0.995739
vt 0.598937 0.520005
vt 0.608583 0.520005
vt 0.608583 0.561538
vt 0.598937 0.561538
vt 0.238606 0.937792
vt 0.245889 0.937792
vt 0.245889 0.995739
vt 0.238606 0.995739
vt 0.238606 0.937792
vt 0.245889 0.937792
vt 0.245889 0.995739
vt 0.238606 0.995739
vt 0.238606 0.937792
vt 0.245889 0.937792
vt 0.245889 0.995739
vt 0.238606 0.995739
vt 0.238606 0.937792
vt 0.245889 0.937792
vt 0.245889 0.995739
vt 0.238606 0.995739
vt 0.238606 0.937792
vt 0.245889 0.937792
vt 0.245889 0.995739
vt 0.238606 0.995739
vt 0.238606 0.937792
vt 0.245889 0.937792
vt 0.245889 0.995739
vt 0.238606 0.995739
vt 0.238606 0.937792
vt 0.245889 0.937792
vt 0.245889 0.995739
vt 0.238606 0.995739
vt 0.238606 0.937792
vt 0.245889 0.937792
vt 0.245889 0.995739
vt 0.238606 0.995739
vt 0.238606 0.937792
vt 0.245889 0.937792
vt 0.245889 0.995739
vt 0.238606 0.995739
vt 0.238606 0.937792
vt 0.245889 0.937792
vt 0.245889 0.995739
vt 0.238606 0.995739
vt 0.238606 0.937792
vt 0.245889 0.937792
vt 0.245889 0.995739
vt 0.238606 0.995739
vt 0.238606 0.937792
vt 0.245889 0.937792
vt 0.245889 0.995739
vt 0.238606 0.995739
vt 0.238606 0.937792
vt 0.245889 0.937792
vt 0.245889 0.995739
vt 0.238606 0.995739
vt 0.238606 0.937792
vt 0.245889 0.937792
vt 0.245889 0.995739
vt 0.238606 0.995739
vt 0.238606 0.937792
vt 0.245889 0.937792
vt 0.245889 0.995739
vt 0.238606 0.995739
vt 0.238606 0.937792
vt 0.245889 0.937792
vt 0.245889 0.995739
vt 0.238606 0.995739
vt 0.238606 0.937792
vt 0.245889 0.937792
vt 0.245889 0.995739
vt 0.238606 0.995739
vt 0.238606 0.937792
vt 0.245889 0.937792
vt 0.245889 0.995739
vt 0.238606 0.995739
vt 0.238606 0.937792
vt 0.245889 0.937792
vt 0.245889 0.995739
vt 0.238606 0.995739
vt 0.238606 0.937792
vt 0.245889 0.937792
vt 0.245889 0.995739
vt 0.238606 0.995739
vt 0.238606 0.937792
vt 0.245889 0.937792
vt 0.245889 0.995739
vt 0.238606 0.995739
vt 0.238606 0.937792
vt 0.245889 0.937792
vt 0.245889 0.995739
vt 0.238606 0.995739
vt 0.238606 0.937792
vt 0.245889 0.937792
vt 0.245889 0.995739
vt 0.238606 0.995739
vt 0.238606 0.937792
vt 0.245889 0.937792
vt 0.245889 0.995739
vt 0.238606 0.995739
vt 0.238606 0.937792
vt 0.245889 0.937792
vt 0.245889 0.995739
vt 0.238606 0.995739
vt 0.238606 0.937792
vt 0.245889 0.937792
vt 0.245889 0.995739
vt 0.238606 0.995739
vt 0.238606 0.937792
vt 0.245889 0.937792
vt 0.245889 0.995739
vt 0.238606 0.995739
vt 0.238606 0.937792
vt 0.245889 0.937792
vt 0.245889 0.995739
vt 0.238606 0.995739
vt 0.238606 0.937792
vt 0.245889 0.937792
vt 0.245889 0.995739
vt 0.238606 0.995739
vt 0.238606 0.937792
vt 0.245889 0.937792
vt 0.245889 0.995739
vt 0.238606 0.995739
vt 0.238606 0.937792
vt 0.245889 0.937792
vt 0.245889 0.995739
vt 0.238606 0.995739
vt 0.238606 0.937792
vt 0.245889 0.937792
vt 0.245889 0.995739
vt 0.238606 0.995739
vt 0.238606 0.937792
vt 0.245889 0.937792
vt 0.245889 0.995739
vt 0.238606 0.995739
vt 0.238606 0.937792
vt 0.245889 0.937792
vt 0.245889 0.995739
vt 0.238606 0.995739
vt 0.238606 0.937792
vt 0.245889 0.937792
vt 0.245889 0.995739
vt 0.238606 0.995739
vt 0.238606 0.937792
vt 0.245889 0.937792
vt 0.245889 0.995739
vt 0.238606 0.995739
vt 0.238606 0.937792
vt 0.245889 0.937792
vt 0.245889 0.995739
vt 0.238606 0.995739
vt 0.238606 0.937792
vt 0.245889 0.937792
vt 0.245889 0.995739
vt 0.238606 0.995739
vt 0.238606 0.937792
vt 0.245889 0.937792
vt 0.245889 0.995739
vt 0.238606 0.995739
vt 0.238606 0.937792
vt 0.245889 0.937792
vt 0.245889 0.995739
vt 0.238606 0.995739
vt 0.238606 0.937792
vt 0.245889 0.937792
vt 0.245889 0.995739
vt 0.238606 0.995739
vt 0.238606 0.937792
vt 0.245889 0.937792
vt 0.245889 0.995739
vt 0.238606 0.995739
vt 0.238606 0.937792
vt 0.245889 0.937792
vt 0.245889 0.995739
vt 0.238606 0.995739
vt 0.238606 0.937792
vt 0.245889 0.937792
vt 0.245889 0.995739
vt 0.238606 0.995739
vt 0.238606 0.937792
vt 0.245889 0.937792
vt 0.245889 0.995739
vt 0.238606 0.995739
vt 0.238606 0.937792
vt 0.245889 0.937792
vt 0.245889 0.995739
vt 0.238606 0.995739
vt 0.238606 0.937792
vt 0.245889 0.937792
vt 0.245889 0.995739
vt 0.238606 0.995739
vt 0.598937 0.520005
vt 0.608583 0.520005
vt 0.608583 0.561538
vt 0.598937 0.561538
vt 0.238606 0.937792
vt 0.245889 0.937792
vt 0.245889 0.995739
vt 0.238606 0.995739
vt 0.238606 0.937792
vt 0.245889 0.937792
vt 0.245889 0.995739
vt 0.238606 0.995739
vt 0.238606 0.937792
vt 0.245889 0.937792
vt 0.245889 0.995739
vt 0.238606 0.995739
vt 0.238606 0.937792
vt 0.245889 0.937792
vt 0.245889 0.995739
vt 0.238606 0.995739
vt 0.238606 0.937792
vt 0.245889 0.937792
vt 0.245889 0.995739
vt 0.238606 0.995739
vt 0.238606 0.937792
vt 0.245889 0.937792
vt 0.245889 0.995739
vt 0.238606 0.995739
vt 0.238606 0.937792
vt 0.245889 0.937792
vt 0.245889 0.995739
vt 0.238606 0.995739
vt 0.238606 0.937792
vt 0.245889 0.937792
vt 0.245889 0.995739
vt 0.238606 0.995739
vt 0.238606 0.937792
vt 0.245889 0.937792
vt 0.245889 0.995739
vt 0.238606 0.995739
vt 0.238606 0.937792
vt 0.245889 0.937792
vt 0.245889 0.995739
vt 0.238606 0.995739
vt 0.238606 0.937792
vt 0.245889 0.937792
vt 0.245889 0.995739
vt 0.238606 0.995739
vt 0.238606 0.937792
vt 0.245889 0.937792
vt 0.245889 0.995739
vt 0.238606 0.995739
vt 0.238606 0.937792
vt 0.245889 0.937792
vt 0.245889 0.995739
vt 0.238606 0.995739
vt 0.238606 0.937792
vt 0.245889 0.937792
vt 0.245889 0.995739
vt 0.238606 0.995739
vt 0.238606 0.937792
vt 0.245889 0.937792
vt 0.245889 0.995739
vt 0.238606 0.995739
vt 0.238606 0.937792
vt 0.245889 0.937792
vt 0.245889 0.995739
vt 0.238606 0.995739
vt 0.238606 0.937792
vt 0.245889 0.937792
vt 0.245889 0.995739
vt 0.238606 0.995739
vt 0.238606 0.937792
vt 0.245889 0.937792
vt 0.245889 0.995739
vt 0.238606 0.995739
vt 0.238606 0.937792
vt 0.245889 0.937792
vt 0.245889 0.995739
vt 0.238606 0.995739
vt 0.238606 0.937792
vt 0.245889 0.937792
vt 0.245889 0.995739
vt 0.238606 0.995739
vt 0.238606 0.937792
vt 0.245889 0.937792
vt 0.245889 0.995739
vt 0.238606 0.995739
vt 0.238606 0.937792
vt 0.245889 0.937792
vt 0.245889 0.995739
vt 0.238606 0.995739
vt 0.238606 0.937792
vt 0.245889 0.937792
vt 0.245889 0.995739
vt 0.238606 0.995739
vt 0.238606 0.937792
vt 0.245889 0.937792
vt 0.245889 0.995739
vt 0.238606 0.995739
vt 0.238606 0.937792
vt 0.245889 0.937792
vt 0.245889 0.995739
vt 0.238606 0.995739
vt 0.238606 0.937792
vt 0.245889 0.937792
vt 0.245889 0.995739
vt 0.238606 0.995739
vt 0.238606 0.937792
vt 0.245889 0.937792
vt 0.245889 0.995739
vt 0.238606 0.995739
vt 0.238606 0.937792
vt 0.245889 0.937792
vt 0.245889 0.995739
vt 0.238606 0.995739
vt 0.238606 0.937792
vt 0.245889 0.937792
vt 0.245889 0.995739
vt 0.238606 0.995739
vt 0.598937 0.520005
vt 0.608583 0.520005
vt 0.608583 0.561538
vt 0.598937 0.561538
vt 0.238606 0.937792
vt 0.245889 0.937792
vt 0.245889 0.995739
vt 0.238606 0.995739
vt 0.238606 0.937792
vt 0.245889 0.937792
vt 0.245889 0.995739
vt 0.238606 0.995739
vt 0.238606 0.937792
vt 0.245889 0.937792
vt 0.245889 0.995739
vt 0.238606 0.995739
vt 0.238606 0.937792
vt 0.245889 0.937792
vt 0.245889 0.995739
vt 0.238606 0.995739
vt 0.238606 0.937792
vt 0.245889 0.937792
vt 0.245889 0.995739
vt 0.238606 0.995739
vt 0.238606 0.937792
vt 0.245889 0.937792
vt 0.245889 0.995739
vt 0.238606 0.995739
vt 0.238606 0.937792
vt 0.245889 0.937792
vt 0.245889 0.995739
vt 0.238606 0.995739
vt 0.238606 0.937792
vt 0.245889 0.937792
vt 0.245889 0.995739
vt 0.238606 0.995739
vt 0.238606 0.937792
vt 0.245889 0.937792
vt 0.245889 0.995739
vt 0.238606 0.995739
vt 0.238606 0.937792
vt 0.245889 0.937792
vt 0.245889 0.995739
vt 0.238606 0.995739
vt 0.238606 0.937792
vt 0.245889 0.937792
vt 0.245889 0.995739
vt 0.238606 0.995739
vt 0.238606 0.937792
vt 0.245889 0.937792
vt 0.245889 0.995739
vt 0.238606 0.995739
vt 0.238606 0.937792
vt 0.245889 0.937792
vt 0.245889 0.995739
vt 0.238606 0.995739
vt 0.238606 0.937792
vt 0.245889 0.937792
vt 0.245889 0.995739
vt 0.238606 0.995739
vt 0.238606 0.937792
vt 0.245889 0.937792
vt 0.245889 0.995739
vt 0.238606 0.995739
vt 0.238606 0.937792
vt 0.245889 0.937792
vt 0.245889 0.995739
vt 0.238606 0.995739
vt 0.238606 0.937792
vt 0.245889 0.937792
vt 0.245889 0.995739
vt 0.238606 0.995739
vt 0.238606 0.937792
vt 0.245889 0.937792
vt 0.245889 0.995739
vt 0.238606 0.995739
vt 0.238606 0.937792
vt 0.245889 0.937792
vt 0.245889 0.995739
vt 0.238606 0.995739
vt 0.238606 0.937792
vt 0.245889 0.937792
vt 0.245889 0.995739
vt 0.238606 0.995739
vt 0.238606 0.937792
vt 0.245889 0.937792
vt 0.245889 0.995739
vt 0.238606 0.995739
vt 0.238606 0.937792
vt 0.245889 0.937792
vt 0.245889 0.995739
vt 0.238606 0.995739
vt 0.238606 0.937792
vt 0.245889 0.937792
vt 0.245889 0.995739
vt 0.238606 0.995739
vt 0.238606 0.937792
vt 0.245889 0.937792
vt 0.245889 0.995739
vt 0.238606 0.995739
vt 0.238606 0.937792
vt 0.245889 0.937792
vt 0.245889 0.995739
vt 0.238606 0.995739
vt 0.238606 0.937792
vt 0.245889 0.937792
vt 0.245889 0.995739
vt 0.238606 0.995739
vt 0.238606 0.937792
vt 0.245889 0.937792
vt 0.245889 0.995739
vt 0.238606 0.995739
vt 0.238606 0.937792
vt 0.245889 0.937792
vt 0.245889 0.995739
vt 0.238606 0.995739
vt 0.238606 0.937792
vt 0.245889 0.937792
vt 0.245889 0.995739
vt 0.238606 0.995739
vt 0.598937 0.520005
vt 0.608583 0.520005
vt 0.608583 0.561538
vt 0.598937 0.561538
vt 0.238606 0.937792
vt 0.245889 0.937792
vt 0.245889 0.995739
vt 0.238606 0.995739
vt 0.238606 0.937792
vt 0.245889 0.937792
vt 0.245889 0.995739
vt 0.238606 0.995739
vt 0.535578 0.78324
vt 0.597104 0.78324
vt 0.597104 0.936269
vt 0.535578 0.936269
vt 0.425623 0.780873
vt 0.406315 0.780873
vt 0.406315 0.570923
vt 0.425623 0.570923
vt 0.402679 0.61537
vt 0.405676 0.61537
vt 0.405676 0.775157
vt 0.402679 0.775157
vt 0.429785 0.671952
vt 0.448953 0.671952
vt 0.448953 0.831739
vt 0.429785 0.831739
vt 0.402443 0.671952
vt 0.429785 0.671952
vt 0.429785 0.831739
vt 0.402443 0.831739
vt 0.406275 0.784512
vt 0.429639 0.784512
vt 0.429639 0.788336
vt 0.406275 0.788336
vt 0.607801 0.904325
vt 0.625358 0.904325
vt 0.625358 0.921883
vt 0.607801 0.921883
vt 0.607801 0.904325
vt 0.625358 0.904325
vt 0.625358 0.921883
vt 0.607801 0.921883
vt 0.607801 0.904325
vt 0.625358 0.904325
vt 0.625358 0.921883
vt 0.607801 0.921883
vt 0.607801 0.904325
vt 0.625358 0.904325
vt 0.625358 0.921883
vt 0.607801 0.921883
vt 0.607801 0.904325
vt 0.625358 0.904325
vt 0.625358 0.921883
vt 0.607801 0.921883
vt 0.607801 0.904325
vt 0.625358 0.904325
vt 0.625358 0.921883
vt 0.607801 0.921883
vt 0.621027 0.95703
vt 0.640646 0.95703
vt 0.640646 0.92603
vt 0.621027 0.92603
vt 0.621027 0.95703
vt 0.640646 0.95703
vt 0.640646 0.92603
vt 0.621027 0.92603
vt 0.621027 0.95703
vt 0.640646 0.95703
vt 0.640646 0.92603
vt 0.621027 0.92603
vt 0.621027 0.95703
vt 0.640646 0.95703
vt 0.640646 0.92603
vt 0.621027 0.92603
vt 0.641035 0.976458
vt 0.659857 0.976458
vt 0.659857 0.95751
vt 0.641035 0.95751
vt 0.621316 0.976455
vt 0.640606 0.976455
vt 0.640606 0.957114
vt 0.621316 0.957114
vt 0.617813 0.999157
vt 0.633756 0.999157
vt 0.633756 0.97789
vt 0.617813 0.97789
vt 0.617813 0.999157
vt 0.633756 0.999157
vt 0.633756 0.97789
vt 0.617813 0.97789
vt 0.617813 0.999157
vt 0.633756 0.999157
vt 0.633756 0.97789
vt 0.617813 0.97789
vt 0.617813 0.999157
vt 0.633756 0.999157
vt 0.633756 0.97789
vt 0.617813 0.97789
vt 0.617813 0.999157
vt 0.633756 0.999157
vt 0.633756 0.97789
vt 0.617813 0.97789
vt 0.632339 0.999895
vt 0.648283 0.999895
vt 0.648283 0.984721
vt 0.632339 0.984721
vt 0.607801 0.904325
vt 0.625358 0.904325
vt 0.625358 0.921883
vt 0.607801 0.921883
vt 0.607801 0.904325
vt 0.625358 0.904325
vt 0.625358 0.921883
vt 0.607801 0.921883
vt 0.607801 0.904325
vt 0.625358 0.904325
vt 0.625358 0.921883
vt 0.607801 0.921883
vt 0.607801 0.904325
vt 0.625358 0.904325
vt 0.625358 0.921883
vt 0.607801 0.921883
vt 0.607801 0.904325
vt 0.625358 0.904325
vt 0.625358 0.921883
vt 0.607801 0.921883
vt 0.607801 0.904325
vt 0.625358 0.904325
vt 0.625358 0.921883
vt 0.607801 0.921883
vt 0.621027 0.95703
vt 0.640646 0.95703
vt 0.640646 0.92603
vt 0.621027 0.92603
vt 0.621027 0.95703
vt 0.640646 0.95703
vt 0.640646 0.92603
vt 0.621027 0.92603
vt 0.621027 0.95703
vt 0.640646 0.95703
vt 0.640646 0.92603
vt 0.621027 0.92603
vt 0.621027 0.95703
vt 0.640646 0.95703
vt 0.640646 0.92603
vt 0.621027 0.92603
vt 0.641035 0.976458
vt 0.659857 0.976458
vt 0.659857 0.95751
vt 0.641035 0.95751
vt 0.621316 0.976455
vt 0.640606 0.976455
vt 0.640606 0.957114
vt 0.621316 0.957114
vt 0.617813 0.999157
vt 0.633756 0.999157
vt 0.633756 0.97789
vt 0.617813 0.97789
vt 0.617813 0.999157
vt 0.633756 0.999157
vt 0.633756 0.97789
vt 0.617813 0.97789
vt 0.617813 0.999157
vt 0.633756 0.999157
vt 0.633756 0.97789
vt 0.617813 0.97789
vt 0.617813 0.999157
vt 0.633756 0.999157
vt 0.633756 0.97789
vt 0.617813 0.97789
vt 0.617813 0.999157
vt 0.633756 0.999157
vt 0.633756 0.97789
vt 0.617813 0.97789
vt 0.632339 0.999895
vt 0.648283 0.999895
vt 0.648283 0.984721
vt 0.632339 0.984721
vt 0.607801 0.904325
vt 0.625358 0.904325
vt 0.625358 0.921883
vt 0.607801 0.921883
vt 0.607801 0.904325
vt 0.625358 0.904325
vt 0.625358 0.921883
vt 0.607801 0.921883
vt 0.607801 0.904325
vt 0.625358 0.904325
vt 0.625358 0.921883
vt 0.607801 0.921883
vt 0.607801 0.904325
vt 0.625358 0.904325
vt 0.625358 0.921883
vt 0.607801 0.921883
vt 0.607801 0.904325
vt 0.625358 0.904325
vt 0.625358 0.921883
vt 0.607801 0.921883
vt 0.607801 0.904325
vt 0.625358 0.904325
vt 0.625358 0.921883
vt 0.607801 0.921883
vt 0.621027 0.95703
vt 0.640646 0.95703
vt 0.640646 0.92603
vt 0.621027 0.92603
vt 0.621027 0.95703
vt 0.640646 0.95703
vt 0.640646 0.92603
vt 0.621027 0.92603
vt 0.621027 0.95703
vt 0.640646 0.95703
vt 0.640646 0.92603
vt 0.621027 0.92603
vt 0.621027 0.95703
vt 0.640646 0.95703
vt 0.640646 0.92603
vt 0.621027 0.92603
vt 0.641035 0.976458
vt 0.659857 0.976458
vt 0.659857 0.95751
vt 0.641035 0.95751
vt 0.621316 0.976455
vt 0.640606 0.976455
vt 0.640606 0.957114
vt 0.621316 0.957114
vt 0.617813 0.999157
vt 0.633756 0.999157
vt 0.633756 0.97789
vt 0.617813 0.97789
vt 0.617813 0.999157
vt 0.633756 0.999157
vt 0.633756 0.97789
vt 0.617813 0.97789
vt 0.617813 0.999157
vt 0.633756 0.999157
vt 0.633756 0.97789
vt 0.617813 0.97789
vt 0.617813 0.999157
vt 0.633756 0.999157
vt 0.633756 0.97789
vt 0.617813 0.97789
vt 0.617813 0.999157
vt 0.633756 0.999157
vt 0.633756 0.97789
vt 0.617813 0.97789
vt 0.632339 0.999895
vt 0.648283 0.999895
vt 0.648283 0.984721
vt 0.632339 0.984721
vt 0.607801 0.904325
vt 0.625358 0.904325
vt 0.625358 0.921883
vt 0.607801 0.921883
vt 0.607801 0.904325
vt 0.625358 0.904325
vt 0.625358 0.921883
vt 0.607801 0.921883
vt 0.607801 0.904325
vt 0.625358 0.904325
vt 0.625358 0.921883
vt 0.607801 0.921883
vt 0.607801 0.904325
vt 0.625358 0.904325
vt 0.625358 0.921883
vt 0.607801 0.921883
vt 0.607801 0.904325
vt 0.625358 0.904325
vt 0.625358 0.921883
vt 0.607801 0.921883
vt 0.607801 0.904325
vt 0.625358 0.904325
vt 0.625358 0.921883
vt 0.607801 0.921883
vt 0.621027 0.95703
vt 0.640646 0.95703
vt 0.640646 0.92603
vt 0.621027 0.92603
vt 0.621027 0.95703
vt 0.640646 0.95703
vt 0.640646 0.92603
vt 0.621027 0.92603
vt 0.621027 0.95703
vt 0.640646 0.95703
vt 0.640646 0.92603
vt 0.621027 0.92603
vt 0.621027 0.95703
vt 0.640646 0.95703
vt 0.640646 0.92603
vt 0.621027 0.92603
vt 0.641035 0.976458
vt 0.659857 0.976458
vt 0.659857 0.95751
vt 0.641035 0.95751
vt 0.621316 0.976455
vt 0.640606 0.976455
vt 0.640606 0.957114
vt 0.621316 0.957114
vt 0.617813 0.999157
vt 0.633756 0.999157
vt 0.633756 0.97789
vt 0.617813 0.97789
vt 0.617813 0.999157
vt 0.633756 0.999157
vt 0.633756 0.97789
vt 0.617813 0.97789
vt 0.617813 0.999157
vt 0.633756 0.999157
vt 0.633756 0.97789
vt 0.617813 0.97789
vt 0.617813 0.999157
vt 0.633756 0.999157
vt 0.633756 0.97789
vt 0.617813 0.97789
vt 0.617813 0.999157
vt 0.633756 0.999157
vt 0.633756 0.97789
vt 0.617813 0.97789
vt 0.632339 0.999895
vt 0.648283 0.999895
vt 0.648283 0.984721
vt 0.632339 0.984721
vn -1 0 0
vn 0 0 -1
vn 1 0 0
vn 0 0 1
vn 0 -1 0
vn 0 1 0
vn -1 0 0
vn 0 0 -1
vn 1 0 0
vn 0 0 1
vn 0 -1 0
vn 0 1 0
vn -1 0 0
vn 0 0 -1
vn 1 0 0
vn 0 0 1
vn 0 -1 0
vn 0 1 0
vn -1 0 0
vn 0 0 -1
vn 1 0 0
vn 0 0 1
vn 0 -1 0
vn 0 1 0
vn -1 0 0
vn 0 0 -1
vn 1 0 0
vn 0 0 1
vn 0 -1 0
vn 0 1 0
vn -1 0 0
vn 0 0 -1
vn 1 0 0
vn 0 0 1
vn 0 -1 0
vn 0 1 0
vn -1 0 0
vn 0 0 -1
vn 1 0 0
vn 0 0 1
vn 0 -1 0
vn 0 1 0
vn -1 0 0
vn 0 0 -1
vn 1 0 0
vn 0 0 1
vn 0 -1 0
vn 0 1 0
vn -1 0 0
vn 0 0 -1
vn 1 0 0
vn 0 0 1
vn 0 -1 0
vn 0 1 0
vn -1 0 0
vn 0 0 -1
vn 1 0 0
vn 0 0 1
vn 0 -1 0
vn 0 1 0
vn -1 0 0
vn 0 0 -1
vn 1 0 0
vn 0 0 1
vn 0 -1 0
vn 0 1 0
vn -1 0 0
vn 0 0 -1
vn 1 0 0
vn 0 0 1
vn 0 -1 0
vn 0 1 0
vn -1 0 0
vn 0 0 -1
vn 1 0 0
vn 0 0 1
vn 0 -1 0
vn 0 1 0
vn -1 0 0
vn 0 0 -1
vn 1 0 0
vn 0 0 1
vn 0 -1 0
vn 0 0.9999999999998047 6.25000000087239e-7
vn -1 0 0
vn 0 0 -1
vn 1 0 0
vn 0 0 1
vn 0 -1 0
vn 0 1 0
vn -1 0 0
vn 0 0 -1
vn 1 0 0
vn 0 0 1
vn 0 -1 0
vn 0 1 0
vn -1 0 0
vn 0 0 -1
vn 1 0 0
vn 0 0 1
vn 0 -1 0
vn 0 1 0
vn -1 0 0
vn 0 0 -1
vn 1 0 0
vn 0 0 1
vn 0 -1 0
vn 0 0.9999999999992187 0.0000012500000001737456
vn -1 0 0
vn 0 0 -1
vn 1 0 0
vn 0 0 1
vn 0 -1 0
vn 0 1 0
vn -0.7071017811562732 0 0.7071117811814664
vn -0.7071092811795872 0 -0.7071042811846693
vn 0.7071067811865487 0 -0.7071067811865465
vn 0.7071067811865476 0 0.7071067811865476
vn 0 -1 0
vn 0 1 0
vn -0.7071067811865476 0 0.7071067811865476
vn -0.7071092811795866 0 -0.7071042811846698
vn 0.7071092811795866 0 -0.7071042811846698
vn 0.7071067811865476 0 0.7071067811865476
vn 0 -1 0
vn 0 1 0
vn -0.7071067811865472 0 0.7071067811865478
vn -0.7071092811795866 0 -0.7071042811846697
vn 0.7071067811865478 0 -0.7071067811865472
vn 0.7071042811846698 0 0.7071092811795866
vn 0 -1 0
vn 0 1 0
vn -0.7071092811795868 0 0.7071042811846695
vn -0.7071067811865476 0 -0.7071067811865476
vn 0.7071067811865472 0 -0.7071067811865478
vn 0.7071092811795866 0 0.7071042811846697
vn 0 -1 0
vn 0 1 0
vn -0.7071042811846698 0 0.7071092811795866
vn -0.7071067811865476 0 -0.7071067811865476
vn 0.7071092811795866 0 -0.7071042811846698
vn 0.7071067811865476 0 0.7071067811865476
vn 0 -1 0
vn 0 1 0
vn 0.7071117811814653 0 0.7071017811562743
vn -0.7071042811846692 0 0.707109281179587
vn -0.7071067811865465 0 -0.7071067811865487
vn 0.7071067811865481 0 -0.707106781186547
vn 0 -1 0
vn 0 1 0
vn 0.7071042811846698 0 0.7071092811795866
vn -0.7071067811865472 0 0.7071067811865478
vn -0.7071092811795866 0 -0.7071042811846697
vn 0.7071067811865478 0 -0.7071067811865472
vn 0 -1 0
vn 0 1 0
vn 0.7071092811795863 0 0.7071042811846701
vn -0.7071092811795866 0 0.7071042811846698
vn -0.7071067811865476 0 -0.7071067811865476
vn 0.7071067811865472 0 -0.7071067811865478
vn 0 -1 0
vn 0 1 0
vn 0.7071067811865476 0 0.7071067811865476
vn -0.7071042811846698 0 0.7071092811795866
vn -0.7071067811865476 0 -0.7071067811865476
vn 0.7071092811795866 0 -0.7071042811846698
vn 0 -1 0
vn 0 1 0
vn 0.7071092811795868 0 0.7071042811846695
vn -0.7071067811865478 0 0.7071067811865472
vn -0.7071042811846698 0 -0.7071092811795866
vn 0.7071067811865476 0 -0.7071067811865476
vn 0 -1 0
vn 0 1 0
vn 0.7071067811865476 0 -0.7071067811865476
vn 0.7071042811846693 0 0.7071092811795872
vn -0.7071067811865487 0 0.7071067811865465
vn -0.7071092811795866 0 -0.7071042811846697
vn 0 -1 0
vn 0 1 0
vn 0.7071092811795868 0 -0.7071042811846695
vn 0.7071067811865476 0 0.7071067811865476
vn -0.7071042811846695 0 0.7071092811795868
vn -0.7071067811865476 0 -0.7071067811865476
vn -0.000003535530311534078 -0.9999999999875001 -0.0000035355303115340782
vn 0 1 0
vn 0.7071067811865476 0 -0.7071067811865476
vn 0.7071092811795865 0 0.7071042811846697
vn -0.7071092811795865 0 0.7071042811846697
vn -0.7071067811865476 0 -0.7071067811865476
vn 0 -1 0
vn 0 1 0
vn 0.7071067811865476 0 -0.7071067811865476
vn 0.7071042811846698 0 0.7071092811795866
vn -0.7071067811865476 0 0.7071067811865476
vn -0.7071092811795866 0 -0.7071042811846698
vn 0 -1 0
vn 0 1 0
vn 0.7071042811846695 0 -0.7071092811795868
vn 0.7071067811865476 0 0.7071067811865476
vn -0.7071092811795868 0 0.7071042811846695
vn -0.7071067811865476 0 -0.7071067811865476
vn 0 -1 0
vn 0 1 0
vn -0.7071117811814664 0 -0.7071017811562732
vn 0.7071042811846692 0 -0.707109281179587
vn 0.7071067811865476 0 0.7071067811865476
vn -0.707106781186547 0 0.7071067811865481
vn 0 -1 0
vn 0 1 0
vn -0.7071067811865478 0 -0.7071067811865472
vn 0.7071042811846697 0 -0.7071092811795866
vn 0.7071067811865472 0 0.7071067811865478
vn -0.7071092811795866 0 0.7071042811846698
vn 0 -1 0
